    50,
    25,
    0,
    80,
    100,
    60,
    0,
    250,
    310,
    25,
    0,
    90,
    10,
    120,
    45,
    100,
    0,
    50,
    50,
    110,
    0,
    100,
    260,
    25,
    20,
    25,
    145,
    35,
    10,
    20,
    195,
    245,
    195,
    100,
    35,
    35,
    75,
    0,
    150,
    60,
    10,
    35,
    100,
    20,
    110,
    135,
    55,
    560,
    40,
    35,
    4985,
    335,
    1525,
    420,
    45,
    35,
    205,
    35,
    25,
    100,
    35,
    320,
    635,
    100,
    135,
    95,
    35,
    160,
    10,
    0,
    325,
    335,
    710,
    45,
    0,
    280,
    25,
    26030,
    4475,
    0,
    0,
    35,
    275,
    0,
    35,
    525,
    3785,
    45,
    50,
    60,
    95,
    75,
    0,
    380,
    170,
    25,
    10,
    0,
    0,
    0,
    25,
    10,
    35,
    85,
    45,
    25,
    60,
    200,
    35,
    45,
    10,
    30,
    60,
    35,
    365,
    50,
    75,
    35,
    75,
    20,
    10,
    25,
    380,
    320,
    125,
    35,
    485,
    25,
    50,
    20,
    275,
    50,
    85,
    50,
    65,
    95,
    85,
    80,
    350,
    385,
    65,
    50,
    35,
    60,
    30,
    170,
    155,
    25,
    10,
    60,
    70,
    60,
    25,
    110,
    70,
    40,
    10,
    10,
    35,
    25,
    10,
    150,
    0,
    120,
    120,
    120,
    0,
    0,
    110,
    225,
    305,
    590,
    330,
    20,
    320,
    2975,
    3015,
    1030,
    630,
    1285
